Tour: [42, 10, 46, 37, 45, 26, 31, 49, 4, 25, 5, 13, 15, 48, 41, 39, 24, 38, 22, 23, 9, 2, 11, 33, 1, 12, 34, 36, 35, 27, 43, 52, 47, 51, 50, 17, 44, 14, 32, 30, 29, 6, 16, 8, 7, 19, 3, 18, 21, 20, 28, 40]
Distance=4999.671430062001

Tour: [35, 37, 45, 36, 48, 12, 41, 42, 10, 34, 4, 26, 31, 44, 13, 49, 27, 52, 50, 43, 47, 25, 5, 9, 2, 40, 17, 14, 15, 32, 33, 11, 24, 38, 22, 39, 23, 8, 18, 3, 7, 16, 1, 6, 19, 30, 29, 21, 20, 46, 28, 51]
Distance=5998.2253753919995

Tour: [12, 46, 10, 45, 37, 31, 41, 42, 17, 44, 13, 24, 5, 25, 48, 36, 35, 27, 49, 43, 47, 26, 4, 34, 15, 33, 1, 2, 40, 22, 39, 9, 16, 8, 18, 3, 11, 19, 7, 14, 32, 23, 21, 20, 29, 28, 30, 52, 50, 51, 6, 38]
Distance=4999.886335887
Time of execution: 1.528183937072754

